100
50 46 3 480
16 11 2 560
39 45 1 450
14 20 1 430
41 45 1 510
1 50 1 440
42 8 3 540
22 5 1 550
45 50 5 460
45 46 1 520
22 21 4 510
2 45 2 590
38 49 5 530
47 49 4 570
12 15 1 460
45 33 1 570
48 3 4 500
33 13 4 580
5 2 5 490
16 17 1 500
4 44 3 580
48 35 2 480
33 25 2 560
36 44 3 460
39 47 1 540
28 22 2 580
43 5 3 550
11 36 1 480
41 43 5 440
47 5 4 500
1 46 4 540
9 20 4 450
42 3 2 580
28 18 3 550
44 31 2 460
48 43 5 520
4 10 2 490
43 25 1 540
32 12 1 500
5 28 3 470
38 47 5 530
42 31 5 580
25 20 2 460
45 50 5 420
44 38 4 590
44 46 2 550
32 29 5 420
12 9 2 480
5 11 1 510
16 12 3 530
5 48 2 570
33 25 4 500
8 4 4 490
33 43 4 530
37 43 4 490
48 38 3 500
35 43 4 560
45 27 3 530
16 5 4 530
40 31 2 570
40 47 4 560
41 7 4 510
29 46 3 590
25 4 5 530
6 16 5 470
48 33 1 520
17 12 4 530
15 19 2 560
35 14 1 590
45 30 2 580
25 49 5 500
5 46 5 420
20 2 4 420
17 3 2 420
12 10 1 560
33 36 2 520
3 25 5 510
31 30 2 520
1 13 2 480
35 17 5 540
9 16 5 450
37 32 4 420
5 14 4 580
12 35 3 500
9 16 1 490
13 23 4 430
44 46 4 530
17 7 5 480
39 31 5 520
27 45 2 520
2 48 5 570
47 11 2 470
36 7 2 510
8 45 1 530
1 25 1 490
32 33 3 440
41 48 3 540
19 23 5 440
1 14 2 420
29 47 4 560
