100
50 46 5 480
16 11 9 560
39 45 9 450
14 20 7 430
41 45 6 510
1 50 5 440
42 8 9 540
22 5 6 550
45 50 8 460
45 46 6 520
22 21 6 510
2 45 10 590
38 49 5 530
47 49 8 570
12 15 10 460
45 33 7 570
48 3 7 500
33 13 6 580
5 2 8 490
16 17 5 500
4 44 8 580
48 35 5 480
33 25 9 560
36 44 7 460
39 47 7 540
28 22 10 580
43 5 6 550
11 36 5 480
41 43 6 440
47 5 8 500
1 46 7 540
9 20 8 450
42 3 8 580
28 18 7 550
44 31 6 460
48 43 7 520
4 10 5 490
43 25 10 540
32 12 9 500
5 28 6 470
38 47 10 530
42 31 6 580
25 20 7 460
45 50 8 420
44 38 8 590
44 46 10 550
32 29 7 420
12 9 5 480
5 11 7 510
16 12 10 530
5 48 10 570
33 25 8 500
8 4 7 490
33 43 5 530
37 43 7 490
48 38 6 500
35 43 9 560
45 27 9 530
16 5 7 530
40 31 5 570
40 47 6 560
41 7 8 510
29 46 10 590
25 4 8 530
6 16 7 470
48 33 10 520
17 12 9 530
15 19 7 560
35 14 9 590
45 30 9 580
25 49 6 500
5 46 8 420
20 2 10 420
17 3 7 420
12 10 6 560
33 36 7 520
3 25 9 510
31 30 7 520
1 13 7 480
35 17 6 540
9 16 7 450
37 32 10 420
5 14 8 580
12 35 10 500
9 16 6 490
13 23 6 430
44 46 7 530
17 7 9 480
39 31 10 520
27 45 6 520
2 48 6 570
47 11 7 470
36 7 5 510
8 45 6 530
1 25 6 490
32 33 5 440
41 48 7 540
19 23 7 440
1 14 7 420
29 47 8 560
