100
20 11 2 826
3 23 3 696
30 41 4 437
4 5 2 532
13 21 5 1143
15 27 5 1419
33 26 5 745
10 2 1 1429
45 6 2 1017
24 21 1 447
19 47 2 796
23 43 4 575
47 18 5 1070
8 23 3 1286
14 17 4 956
33 6 1 995
40 34 1 1412
35 37 4 1269
20 45 2 787
8 29 3 1236
37 33 2 1273
11 19 5 873
30 27 2 566
33 25 2 702
43 42 3 1220
36 41 3 634
37 50 2 686
7 8 4 1140
40 48 4 1427
36 12 2 852
41 34 2 578
21 25 1 1339
26 3 3 746
50 38 1 1347
11 9 1 654
7 30 2 877
42 31 2 1130
35 20 3 1045
24 8 5 463
23 16 5 658
41 17 4 489
32 20 4 469
44 45 4 968
7 15 2 781
47 17 5 568
25 11 1 921
45 43 5 1219
2 24 5 801
44 22 4 1261
13 41 3 1331
15 42 5 1039
2 25 2 1294
37 35 3 1419
1 5 2 557
33 29 4 968
44 14 5 848
45 9 2 1129
26 21 1 541
44 46 5 1095
20 26 3 836
25 50 1 777
48 46 2 1225
6 33 1 1112
4 46 1 451
50 20 4 1298
12 33 2 741
30 20 1 516
12 33 4 569
6 17 1 1321
11 25 3 1407
40 23 3 1280
12 22 1 1399
45 41 4 425
40 31 1 1281
32 38 4 991
41 14 3 877
46 2 3 1166
44 7 5 923
47 38 1 1217
4 26 1 591
18 8 2 848
49 37 2 933
9 10 2 898
37 46 1 943
46 7 5 628
43 17 1 1179
50 10 1 450
27 20 4 539
34 30 2 1096
4 7 3 607
34 4 3 1111
45 18 4 439
30 28 5 1365
30 44 2 440
4 24 3 1226
33 17 5 1214
21 7 5 557
35 25 3 1209
34 38 3 1219
38 21 5 1077
