2500
1 1 0 0
3 3 0 0
4 4 0 0
5 5 0 0
7 7 0 0
8 8 0 0
10 10 0 0
11 11 0 0
12 12 0 0
15 15 0 0
19 19 0 0
20 20 0 0
21 21 0 0
23 23 0 0
24 24 0 0
25 25 0 0
26 26 0 0
28 28 0 0
29 29 0 0
30 30 0 0
31 31 0 0
32 32 0 0
33 33 0 0
34 34 0 0
35 35 0 0
36 36 0 0
38 38 0 0
39 39 0 0
40 40 0 0
41 41 0 0
42 42 0 0
43 43 0 0
44 44 0 0
45 45 0 0
46 46 0 0
49 49 0 0
48 48 0 0
37 37 0 0
27 27 0 0
22 22 0 0
18 18 0 0
14 14 0 0
13 13 0 0
16 16 0 0
9 9 0 0
6 6 0 0
2 2 0 0
17 17 0 0
47 47 0 0
50 50 0 0
4 7 1.31 1.8
5 7 0.76 1.8
6 7 1.14 2.4
4 6 1.17 2.4
5 19 0.85 2.4
35 34 1.02 2.4
34 33 1.36 2.4
31 32 1.1 2.4
29 30 1.33 2.4
40 39 1.18 2.4
31 38 1.2 2.4
43 47 0.94 3
44 46 1.97 3.6
31 30 2.54 3.6
33 34 1.72 3.6
30 29 2.3 3.6
19 18 0.77 3.6
14 2 0.64 3.6
2 3 0.75 3.6
8 10 1.67 3.6
9 8 1.07 4.2
5 1 1.75 4.2
5 6 1.52 4.2
8 6 1.2 4.2
23 15 1.02 4.2
20 15 1.12 4.2
38 32 2.17 4.2
33 32 1.25 4.2
29 31 2.8 4.2
47 42 0.92 4.2
48 42 1.1 4.2
40 41 1.27 4.2
44 38 2.68 4.2
38 37 2.84 4.2
33 38 1.99 4.8
49 44 1.75 4.8
38 44 3.02 4.8
32 31 2.25 4.8
35 33 2.32 4.8
2 14 0.85 4.8
23 20 0.97 4.8
7 5 1.22 4.8
9 10 1.55 4.8
8 7 1.85 5.4
6 4 1.7 5.4
6 1 2.03 5.4
4 1 2.2 5.4
7 21 2.23 5.4
44 32 3.62 5.4
38 31 3.06 5.4
46 44 2.8 5.4
38 46 3.11 5.4
32 38 1.94 5.4
31 37 2.1 5.4
32 37 1.77 5.4
44 37 4.29 5.4
39 40 2.57 6
43 42 1.6 6
49 43 1.77 6
45 33 3.48 6
24 25 2.9 6
14 3 1.2 6
10 4 2.1 6
6 5 2.28 6.6
4 5 2.45 6.6
7 6 1.73 6.6
1 11 3.2 6.6
11 12 1.92 6.6
3 11 1.91 6.6
20 23 1.56 6.6
5 18 1.52 6.6
17 18 1.09 6.6
19 15 1.75 6.6
14 13 1.37 6.6
3 13 1.73 6.6
25 24 3.47 6.6
28 24 2.85 6.6
32 33 2.65 6.6
32 34 2.64 6.6
34 32 2.6 6.6
29 32 3.76 6.6
32 30 3.3 6.6
38 30 4.11 6.6
41 42 1.21 6.6
45 46 2.05 6.6
31 44 4.04 6.6
29 38 3.86 6.6
37 38 4.09 6.6
42 48 1.25 6.6
34 38 3.35 7.2
46 38 3.59 7.2
33 37 2.24 7.2
33 45 3.46 7.2
34 45 3.35 7.2
31 46 4.13 7.2
39 41 3.03 7.2
49 41 1.29 7.2
44 31 4.51 7.2
33 31 2.73 7.2
45 34 3.47 7.2
31 29 4.84 7.2
1 14 1.37 7.2
15 18 1.78 7.2
7 19 2.01 7.2
5 21 2.92 7.2
5 11 3.91 7.2
21 10 4.07 7.2
10 8 2.72 7.2
10 7 3.41 7.8
19 7 1.91 7.8
5 10 3.06 7.8
4 11 4.36 7.8
10 6 3.27 7.8
15 5 1.88 7.8
2 1 1.29 7.8
3 2 1.68 7.8
6 21 3.3 7.8
4 21 3.47 7.8
15 19 1.99 7.8
3 14 1.56 7.8
2 13 1.7 7.8
15 16 1.98 7.8
20 16 1.83 7.8
30 31 5.1 7.8
49 46 3.63 7.8
46 45 3.32 7.8
44 45 3.61 7.8
50 44 1.4 7.8
35 36 2.82 7.8
46 37 5.2 8.4
49 38 4.33 8.4
44 30 5.56 8.4
38 29 4.81 8.4
42 25 4.69 8.4
23 16 1.75 8.4
16 15 1.92 8.4
15 20 1.81 8.4
8 1 2.74 8.4
1 3 1.51 8.4
5 3 2.82 8.4
8 5 2.69 8.4
9 6 2.14 8.4
6 11 4.19 8.4
10 11 3.2 8.4
2 11 2.92 8.4
8 9 2.42 8.4
7 8 2.83 8.4
40 49 1.51 8.4
49 47 2.66 9
6 8 3.69 9
22 10 3.97 9
7 10 3.31 9
3 4 1.83 9
4 3 3.27 9
10 1 2.89 9
7 1 2.91 9
8 21 3.7 9
12 13 2.84 9
25 28 5.3 9
33 30 3.77 9
35 32 3.56 9
46 32 4.53 9
37 32 3.08 9
41 40 1.66 9
29 37 4.76 9
36 35 2.16 9
33 35 3.43 9
33 44 4.83 9
47 43 2.35 9
41 43 2.14 9.6
45 44 3.19 9.6
41 44 2.33 9.6
42 44 3.47 9.6
35 45 4.31 9.6
32 45 4.38 9.6
38 45 4.74 9.6
34 35 3.34 9.6
34 37 3.6 9.6
35 38 4.3 9.6
45 38 3.95 9.6
31 33 3.65 9.6
31 34 3.63 9.6
34 31 4.09 9.6
5 15 2.5 9.6
7 20 2.65 9.6
6 19 3.08 9.6
4 19 3.25 9.6
1 2 1.71 9.6
6 3 3.1 9.6
10 3 2.81 9.6
8 4 2.75 9.6
19 5 2.28 9.6
4 8 4.07 9.6
5 8 3.52 9.6
15 7 2.66 9.6
9 7 2.79 9.6
22 8 3.34 9.6
7 9 2.94 9.6
10 9 2.81 9.6
14 11 3.37 10.2
9 4 3.55 10.2
5 4 4.92 10.2
11 4 3.74 10.2
14 1 1.75 10.2
16 20 2.06 10.2
7 23 2.45 10.2
7 15 2.6 10.2
37 31 4.4 10.2
30 32 6.06 10.2
46 31 5.42 10.2
38 34 4.41 10.2
38 33 4.43 10.2
32 29 5.6 10.2
30 38 6.16 10.2
49 40 2.22 10.2
49 37 5.94 10.2
41 46 4.2 10.2
33 46 5.46 10.2
32 44 4.78 10.2
37 44 6.61 10.2
47 44 3.42 10.2
49 42 2.59 10.2
40 42 2.39 10.2
24 48 5.77 10.2
39 49 3.27 10.2
47 48 2.12 10.2
25 48 6.64 10.8
38 43 4.68 10.8
50 43 1.56 10.8
34 46 5.35 10.8
32 46 4.86 10.8
41 38 4.91 10.8
41 39 2.84 10.8
24 28 3.95 10.8
22 28 5.29 10.8
41 25 5.51 10.8
45 32 4.72 10.8
37 29 8.01 10.8
5 14 2.97 10.8
19 16 2.49 10.8
7 18 2.68 10.8
15 21 2.78 10.8
23 18 2.6 10.8
19 6 2.67 10.8
8 11 4.9 10.8
6 9 3.35 10.8
3 7 3.14 10.8
4 9 3.73 11.4
5 9 3.63 11.4
25 8 5.55 11.4
7 11 5.07 11.4
3 6 3 11.4
23 5 2.7 11.4
7 4 3.29 11.4
20 19 2.92 11.4
23 19 2.81 11.4
19 20 2.32 11.4
8 20 3.46 11.4
4 20 3.89 11.4
5 23 3.14 11.4
10 14 3.27 11.4
13 14 1.96 11.4
34 30 5.13 11.4
46 30 6.57 11.4
37 30 5.45 11.4
49 32 5.28 11.4
45 37 5.56 11.4
29 46 6.79 11.4
37 46 6.7 11.4
50 46 3.28 11.4
46 43 4.46 11.4
38 42 5.39 11.4
48 47 1.97 11.4
45 47 3.81 11.4
41 48 2.4 11.4
41 49 1.82 11.4
44 49 3.22 11.4
43 48 2.79 12
42 47 1.94 12
31 45 5.37 12
32 35 4.35 12
45 35 5.18 12
33 36 4.61 12
50 38 3.98 12
42 40 2.87 12
36 34 3.13 12
44 34 5.86 12
35 31 5.04 12
49 31 6.17 12
44 29 7.31 12
28 25 5.67 12
4 15 3.84 12
6 23 3.51 12
4 23 3.68 12
8 23 3.26 12
6 20 3.72 12
20 18 2.71 12
13 4 3.87 12
9 1 3.68 12
24 8 4.23 12
11 7 5.04 12
24 9 4.33 12.6
43 11 5.07 12.6
3 12 1.56 12.6
14 10 4.51 12.6
5 2 3.42 12.6
13 2 2.08 12.6
10 5 4.56 12.6
15 6 3.42 12.6
11 6 4.9 12.6
18 19 1.88 12.6
9 20 3.3 12.6
15 23 2.99 12.6
40 25 6.6 12.6
33 29 6.07 12.6
45 31 5.78 12.6
41 32 5.85 12.6
43 33 5.9 12.6
49 39 3.39 12.6
12 36 4.42 12.6
41 37 6.52 12.6
35 37 4.56 12.6
30 37 7.06 12.6
34 44 6.47 12.6
42 43 2.87 12.6
48 43 2.9 12.6
46 42 5.17 12.6
47 50 2.13 12.6
41 50 1.92 13.2
49 50 1.84 13.2
46 49 4.29 13.2
40 48 4.85 13.2
38 49 4.51 13.2
45 42 3.77 13.2
31 43 5.7 13.2
39 42 4.15 13.2
31 42 6.42 13.2
29 44 6.99 13.2
11 44 5 13.2
40 44 3.27 13.2
35 46 6.31 13.2
49 45 5.26 13.2
13 36 4.6 13.2
42 38 6.05 13.2
44 40 4.53 13.2
29 33 6.31 13.2
29 34 6.29 13.2
35 30 6.09 13.2
10 21 5.57 13.2
19 21 3.19 13.2
14 18 1.96 13.2
4 14 3.41 13.2
1 13 2.59 13.2
5 13 3.91 13.2
5 16 3.24 13.2
22 6 4.41 13.2
43 4 5.78 13.2
2 4 2.54 13.2
21 4 6.07 13.2
7 3 3.98 13.2
6 2 3 13.2
4 2 3.86 13.2
10 2 3.41 13.2
24 10 5.77 13.2
9 11 4.64 13.2
12 11 3.06 13.2
19 11 5.06 13.2
2 8 4.04 13.2
20 7 3.59 13.8
23 7 3.48 13.8
4 10 3.06 13.8
1 10 3.73 13.8
3 1 2.19 13.8
7 16 3.34 13.8
4 13 4.35 13.8
6 14 3.24 13.8
9 21 4.31 13.8
9 23 3.1 13.8
21 22 2.35 13.8
40 30 7.32 13.8
45 30 6.83 13.8
40 31 7.25 13.8
41 31 6.74 13.8
46 33 6.76 13.8
47 33 6.73 13.8
21 28 7.62 13.8
10 28 6.85 13.8
8 24 5.77 13.8
8 25 6.62 13.8
42 39 4.04 13.8
34 36 4.52 13.8
50 37 5.59 13.8
43 45 3.46 13.8
41 45 5.84 13.8
50 47 2.45 13.8
38 47 5.57 13.8
41 47 2.12 13.8
50 49 1.42 13.8
44 50 2.03 13.8
42 50 2.65 14.4
42 49 3.03 14.4
11 46 5.67 14.4
42 41 2.9 14.4
31 35 5.35 14.4
29 39 9.51 14.4
38 40 5.82 14.4
10 25 5.01 14.4
10 24 4.71 14.4
39 25 7.19 14.4
49 25 6.78 14.4
36 33 4.42 14.4
50 32 4.93 14.4
47 34 6.72 14.4
19 23 3.4 14.4
6 18 3.24 14.4
17 19 2.09 14.4
6 13 4.18 14.4
10 13 3.89 14.4
4 18 3.41 14.4
22 4 5.97 14.4
24 6 5.3 14.4
1 6 3.11 14.4
25 10 7.1 14.4
22 7 5.06 14.4
13 7 5.17 14.4
11 8 5.98 14.4
43 8 7.02 15
43 10 7.28 15
2 10 4.15 15
11 10 6.25 15
15 11 5.81 15
12 4 4.3 15
9 5 3.29 15
11 1 5.93 15
9 3 4.26 15
8 14 3.39 15
10 19 5.35 15
23 21 3.61 15
9 22 1.46 15
12 35 5.95 15
46 34 6.75 15
47 32 6.95 15
42 32 6.99 15
44 33 5.94 15
50 31 5.82 15
49 30 7.64 15
46 29 8.22 15
45 25 6.2 15
34 29 7.43 15
26 27 3.56 15
46 40 5.6 15
44 39 5.71 15
31 39 10.23 15
32 36 5.53 15
42 37 7.66 15
47 41 3.01 15
40 43 3.29 15
50 42 2.38 15
50 45 4.91 15
35 44 7.43 15
48 44 3.97 15
39 44 5.03 15
31 49 5.54 15
39 48 5.44 15
46 47 5.35 15
47 49 3 15
43 50 1.95 15.6
48 50 2.68 15.6
31 47 6.59 15.6
47 45 4.29 15.6
30 46 9.08 15.6
33 43 6.49 15.6
21 25 9.91 15.6
22 25 6.53 15.6
9 25 6.52 15.6
6 25 7.63 15.6
42 24 8.12 15.6
12 33 7.19 15.6
37 34 4.01 15.6
13 35 5.53 15.6
16 18 3.51 15.6
45 12 3.9 15.6
8 18 3.39 15.6
4 16 4.57 15.6
16 5 3.61 15.6
3 5 4.29 15.6
25 6 6.62 15.6
21 11 7.16 15.6
6 10 2.68 15.6
14 8 5.51 15.6
2 9 4.13 15.6
43 7 7.09 15.6
18 7 2.55 15.6
24 7 5.94 15.6
43 6 6.95 16.2
11 9 6.07 16.2
42 8 9.14 16.2
3 10 4.9 16.2
42 10 9.41 16.2
47 11 5.96 16.2
13 6 5.03 16.2
20 5 2.35 16.2
8 3 3.53 16.2
21 1 6.86 16.2
6 16 4.41 16.2
1 18 2.06 16.2
19 17 2.58 16.2
9 14 4.33 16.2
8 19 3.55 16.2
1 19 2.22 16.2
16 19 3.72 16.2
20 21 3.26 16.2
3 21 5.3 16.2
42 31 7.88 16.2
3 25 5.61 16.2
11 25 5.78 16.2
12 25 8.21 16.2
6 24 6.11 16.2
37 43 8.27 16.2
43 41 3.69 16.2
40 46 5.15 16.2
47 46 5.3 16.2
45 36 6.36 16.2
38 35 6.13 16.2
38 39 7 16.2
47 38 6.01 16.2
47 39 4.01 16.2
31 40 6.85 16.2
49 48 3.78 16.2
28 48 8.54 16.8
12 47 5.43 16.8
26 48 5.83 16.8
29 40 9.27 16.8
30 40 9.43 16.8
50 40 4.03 16.8
43 40 3.51 16.8
46 39 6.78 16.8
37 36 7.65 16.8
29 45 8.03 16.8
48 41 3.56 16.8
24 41 8.66 16.8
37 42 8.98 16.8
44 43 2.32 16.8
45 43 3.56 16.8
32 43 6.44 16.8
39 43 5.05 16.8
13 44 7.11 16.8
4 24 6.34 16.8
9 24 6.16 16.8
4 25 8.01 16.8
38 25 9.71 16.8
27 26 4.15 16.8
35 29 8.39 16.8
39 31 9.01 16.8
41 29 10.62 16.8
39 30 9.08 16.8
30 34 8.59 16.8
30 33 8.61 16.8
11 21 7.2 16.8
22 21 4.46 16.8
16 23 3.42 16.8
9 19 4.09 16.8
7 14 4.13 16.8
43 12 4.67 16.8
36 13 4.55 16.8
7 2 4.58 16.8
21 3 6.78 16.8
22 5 5.37 16.8
2 6 3.53 16.8
20 6 4.35 16.8
23 6 4.25 16.8
11 5 6.19 16.8
47 4 6.68 16.8
28 4 6.76 16.8
14 4 2.91 16.8
2 12 2.27 16.8
13 12 2.23 16.8
20 10 6.58 16.8
43 9 7.11 16.8
25 9 5.66 16.8
25 7 7.27 16.8
12 7 5.61 16.8
17 7 2.76 16.8
14 9 4.58 17.4
15 8 5.18 17.4
1 12 3.03 17.4
22 11 7.06 17.4
24 11 6.29 17.4
1 4 3.3 17.4
18 6 3.32 17.4
12 6 5.47 17.4
8 2 3.73 17.4
22 1 5.95 17.4
45 13 5.24 17.4
10 15 5.94 17.4
14 19 3 17.4
10 20 5.99 17.4
42 33 7.79 17.4
48 33 7.83 17.4
12 34 6.92 17.4
45 29 8.59 17.4
47 31 7.84 17.4
42 28 9.96 17.4
48 25 4.75 17.4
5 25 8.01 17.4
13 25 8.37 17.4
1 24 6.14 17.4
22 24 8.01 17.4
11 45 5.2 17.4
31 36 6.53 17.4
44 35 7.58 17.4
47 37 7.61 17.4
32 39 11 17.4
40 38 5.86 17.4
47 40 2.84 17.4
8 48 9.77 17.4
33 47 7.23 17.4
34 47 7.12 17.4
22 48 9.4 17.4
33 49 6.32 17.4
30 49 9.1 17.4
40 50 3.11 17.4
29 49 8.94 18
45 48 5.4 18
40 47 3.3 18
27 48 5.67 18
33 40 7.63 18
48 38 6.55 18
24 39 12.44 18
30 39 10.82 18
11 38 7.59 18
11 36 5.53 18
13 45 5.79 18
12 42 5.39 18
25 41 9.53 18
5 24 7.16 18
41 24 8.95 18
47 25 4.7 18
8 28 6.53 18
13 34 6.5 18
42 34 7.78 18
10 23 5.79 18
8 15 4.37 18
43 13 6.01 18
33 13 7.21 18
34 13 7.1 18
7 13 5.07 18
15 17 2.87 18
18 5 2.45 18
24 5 6.78 18
42 9 9.23 18
47 10 8.18 18
28 8 5.3 18
47 8 7.91 18
19 9 4.78 18
1 7 2.89 18
3 8 4.53 18
47 7 7.98 18.6
12 8 6.55 18.6
16 7 4.39 18.6
1 9 4.39 18.6
41 8 9.97 18.6
41 10 10.23 18.6
25 11 7.16 18.6
13 1 3.19 18.6
43 1 7.98 18.6
22 3 6.68 18.6
5 17 3.33 18.6
18 16 2.75 18.6
9 15 4.68 18.6
1 15 3.04 18.6
16 21 4.52 18.6
11 19 6.98 18.6
2 19 2.64 18.6
48 34 7.82 18.6
29 35 8.01 18.6
11 33 7.23 18.6
31 25 10.73 18.6
14 24 6.37 18.6
36 45 6.42 18.6
43 46 3.95 18.6
39 46 6.91 18.6
48 45 5.39 18.6
38 36 7.3 18.6
43 35 7.61 18.6
40 37 7.46 18.6
11 37 9.19 18.6
36 38 6.41 18.6
32 40 7.58 18.6
48 40 3.38 18.6
44 47 3.22 18.6
38 48 6.59 18.6
21 48 11.06 18.6
37 49 8.1 18.6
46 48 6.37 19.2
7 48 10.29 19.2
32 47 7.33 19.2
24 47 7.09 19.2
38 50 4.33 19.2
24 40 8.63 19.2
43 39 4.69 19.2
50 39 5.2 19.2
48 37 8.16 19.2
3 36 6.09 19.2
13 46 7.78 19.2
48 46 4.68 19.2
30 44 9.66 19.2
33 42 7.19 19.2
26 25 6.52 19.2
7 28 9.7 19.2
40 32 6.8 19.2
11 34 7.22 19.2
48 31 8.38 19.2
36 32 5.67 19.2
50 30 7.32 19.2
22 19 6.17 19.2
24 21 7.8 19.2
18 15 2.99 19.2
9 13 5.34 19.2
2 18 2.48 19.2
24 1 6.84 19.2
25 5 8.11 19.2
17 5 2.66 19.2
13 5 6.32 19.2
23 11 6.64 19.2
20 11 6.74 19.2
14 12 2.73 19.2
12 10 6.81 19.2
15 9 5.29 19.2
47 6 7.84 19.2
14 7 3.67 19.8
47 9 8 19.8
18 11 5.71 19.8
17 6 3.52 19.8
14 6 3.89 19.8
28 6 6.37 19.8
25 1 8.16 19.8
19 1 2.13 19.8
17 16 2.95 19.8
18 14 2.52 19.8
13 21 7.34 19.8
10 22 4.01 19.8
7 22 3.27 19.8
42 29 12.64 19.8
11 32 8.53 19.8
12 32 8.43 19.8
49 33 7.63 19.8
43 25 5.3 19.8
27 24 9.72 19.8
2 24 5.91 19.8
40 24 10.04 19.8
44 41 4.52 19.8
3 44 6.76 19.8
1 44 8.04 19.8
42 46 4.65 19.8
42 45 5.35 19.8
14 36 5.05 19.8
44 36 8.76 19.8
33 39 11.47 19.8
39 38 7.62 19.8
37 40 9.41 19.8
46 50 3.97 19.8
37 47 9.16 19.8
35 47 8.08 19.8
9 48 9.51 19.8
39 47 5.06 20.4
25 47 7.96 20.4
39 50 4.87 20.4
45 50 3.27 20.4
48 49 3.54 20.4
25 40 9.5 20.4
48 39 4.56 20.4
46 35 8.46 20.4
47 35 8.44 20.4
37 35 6.74 20.4
13 38 9.69 20.4
30 45 10.33 20.4
12 45 4.09 20.4
5 44 8.76 20.4
10 43 6.99 20.4
24 42 7.05 20.4
44 42 3.14 20.4
3 24 6.4 20.4
21 24 10.34 20.4
2 25 6.32 20.4
6 28 7.54 20.4
13 33 7.79 20.4
11 35 7.05 20.4
49 34 7.62 20.4
50 34 7.17 20.4
49 29 8.86 20.4
8 22 2.75 20.4
6 22 3.67 20.4
4 22 4.05 20.4
21 14 7.24 20.4
17 14 2.22 20.4
17 15 3.19 20.4
14 15 3.82 20.4
35 13 6.69 20.4
8 13 4.61 20.4
9 18 4.33 20.4
11 3 2.96 20.4
12 3 2.68 20.4
43 5 8.23 20.4
12 5 6.75 20.4
49 4 7.5 20.4
24 4 6.14 20.4
25 4 7.01 20.4
28 11 8.43 20.4
7 12 5.63 20.4
49 11 6.79 20.4
5 12 4.47 20.4
40 10 11.32 20.4
48 10 8.72 20.4
45 10 9.71 20.4
3 9 4.62 20.4
45 8 9.45 20.4
28 9 5.41 20.4
48 8 8.45 20.4
49 8 8.74 20.4
40 8 11.06 20.4
21 8 3.62 20.4
23 8 6.01 21
12 9 6.64 21
49 10 9.01 21
18 10 4.85 21
19 10 4.35 21
41 9 10.05 21
16 10 7.88 21
4 12 4.92 21
1 5 3.57 21
45 4 6.07 21
16 6 5.15 21
9 2 4.67 21
21 2 7.37 21
8 16 5.11 21
38 13 9.78 21
32 13 8.13 21
44 13 7.93 21
5 22 3.96 21
43 21 9.25 21
12 21 7.77 21
18 21 4.72 21
11 30 10.48 21
11 31 10.41 21
39 32 8.56 21
4 28 7.93 21
47 26 8.3 21
48 26 8.35 21
41 28 10.78 21
34 25 9.51 21
46 25 9.48 21
49 24 10.22 21
35 42 8.04 21
25 42 7.92 21
32 42 8.1 21
6 44 9.03 21
4 44 9.2 21
40 45 6.78 21
10 36 8.02 21
3 48 7.88 21
31 48 7.61 21
50 48 3.57 21.6
5 36 6.64 21.6
43 36 7.59 21.6
29 36 9.18 21.6
39 37 9.22 21.6
37 39 10.59 21.6
5 46 9.43 21.6
36 44 8.54 21.6
2 44 7.76 21.6
12 43 5.16 21.6
34 42 7.08 21.6
45 41 5.86 21.6
38 41 5.82 21.6
39 24 10.63 21.6
36 25 9.8 21.6
5 28 7.92 21.6
37 33 5.37 21.6
36 31 7.15 21.6
11 23 7.42 21.6
3 23 5.52 21.6
24 20 7.56 21.6
19 14 2.6 21.6
11 15 7.57 21.6
10 16 6.68 21.6
47 1 8.87 21.6
6 12 4.75 21.6
41 11 7.16 21.6
17 10 5.18 21.6
39 10 11.92 21.6
39 8 11.65 21.6
2 7 3.31 21.6
13 8 6.68 21.6
21 9 3.74 22.2
40 9 11.15 22.2
48 9 8.54 22.2
49 9 8.83 22.2
45 11 5.36 22.2
10 12 4.33 22.2
17 11 5.91 22.2
13 11 3.5 22.2
22 2 7.27 22.2
15 1 2.87 22.2
21 5 5.49 22.2
1 16 3.77 22.2
23 17 3.7 22.2
2 15 3.46 22.2
36 14 4.46 22.2
43 19 9.03 22.2
24 23 7.36 22.2
12 31 10.39 22.2
12 30 10.45 22.2
40 29 11.65 22.2
24 29 16.04 22.2
3 35 7.53 22.2
30 35 10.3 22.2
43 34 5.89 22.2
11 29 11.84 22.2
27 28 13.59 22.2
40 28 11.87 22.2
27 25 7.87 22.2
33 25 9.62 22.2
45 24 9.64 22.2
46 41 5.59 22.2
26 42 7.13 22.2
10 42 7.24 22.2
25 43 10.09 22.2
1 46 8.72 22.2
25 39 13.31 22.2
27 39 10.91 22.2
36 37 6.67 22.2
13 37 11.3 22.2
6 36 6.91 22.2
4 36 7.08 22.2
27 49 11.44 22.2
11 49 6.66 22.2
24 49 8.79 22.2
31 50 5.36 22.2
10 47 7.88 22.8
27 47 7.62 22.8
2 36 6.8 22.8
4 46 9.87 22.8
6 46 9.71 22.8
12 46 5.09 22.8
36 46 8.42 22.8
24 44 9.44 22.8
43 44 3.29 22.8
34 43 6.87 22.8
7 25 9.14 22.8
32 25 10.54 22.8
43 26 8.9 22.8
2 35 6.98 22.8
10 33 10.07 22.8
25 29 16.91 22.8
47 29 11.82 22.8
27 30 15.2 22.8
24 30 17.43 22.8
24 31 17.36 22.8
27 31 15.14 22.8
25 23 8.68 22.8
17 21 4.92 22.8
20 22 4.86 22.8
25 20 8.89 22.8
22 14 6.61 22.8
47 13 6.87 22.8
47 12 5.52 22.8
20 17 3.8 22.8
16 17 3.18 22.8
9 16 5.42 22.8
47 5 9.13 22.8
35 4 8.68 22.8
19 3 2.73 22.8
35 11 8.95 22.8
45 9 9.54 22.8
15 10 5.1 22.8
45 7 7.38 22.8
49 7 8.81 22.8
28 7 7.02 23.4
41 6 11.04 23.4
23 9 6.12 23.4
13 9 6.77 23.4
18 8 5.31 23.4
17 2 2.83 23.4
18 2 3.13 23.4
19 2 2.93 23.4
14 5 4.35 23.4
7 17 4.17 23.4
9 17 6.74 23.4
3 18 3.38 23.4
33 12 7.32 23.4
1 20 3.6 23.4
47 21 10.15 23.4
25 31 18.23 23.4
25 30 18.3 23.4
36 30 8.2 23.4
13 30 12.59 23.4
39 29 12.24 23.4
10 34 10.06 23.4
3 28 10.6 23.4
47 27 8.09 23.4
48 27 8.14 23.4
39 28 12.46 23.4
49 28 12.05 23.4
35 25 10.47 23.4
44 25 7.99 23.4
24 26 10.16 23.4
11 42 5.44 23.4
31 41 6.84 23.4
28 41 11.43 23.4
27 44 8.68 23.4
2 46 8.44 23.4
48 35 9.53 23.4
42 35 9.49 23.4
11 40 7.97 23.4
11 47 5.48 23.4
12 48 7.02 23.4
6 48 8.64 23.4
33 48 8.81 23.4
34 48 8.71 23.4
37 48 10.18 24
32 49 6.27 24
13 48 9.91 24
10 50 6.7 24
28 39 15.2 24
8 36 7.06 24
46 36 9.64 24
47 36 9.62 24
3 38 9.34 24
1 38 10.63 24
39 45 8.54 24
25 44 10.32 24
26 44 8.82 24
1 45 8.24 24
10 45 7.63 24
21 41 13.98 24
50 41 2.72 24
27 42 7.58 24
5 43 8.52 24
8 43 8.56 24
1 43 7.8 24
25 26 11.03 24
38 24 13.15 24
29 24 19.98 24
26 24 10.12 24
45 28 11.47 24
15 28 10.25 24
42 27 6.98 24
6 35 9.06 24
24 33 11.63 24
41 33 7.87 24
13 23 7.55 24
14 20 4.38 24
18 20 3.55 24
13 18 3.95 24
34 12 7.21 24
36 12 4.92 24
31 13 9.13 24
28 14 7.93 24
2 5 3.99 24
21 6 4.69 24
24 3 6.59 24
19 8 5.35 24
27 8 11.8 24
39 9 11.74 24
16 11 7.54 24
38 11 9.2 24.6
40 6 12.13 24.6
41 7 9.18 24.6
48 4 7.66 24.6
21 13 9.52 24.6
24 13 8.01 24.6
49 12 6.4 24.6
44 12 6.21 24.6
12 17 8.9 24.6
24 18 7.49 24.6
3 19 3.54 24.6
21 19 6.29 24.6
22 20 5.36 24.6
43 20 9.67 24.6
17 23 4.34 24.6
15 22 4.98 24.6
1 21 4.48 24.6
50 33 7.41 24.6
2 34 7.95 24.6
25 33 12.5 24.6
14 35 6.57 24.6
10 35 9.46 24.6
24 34 11.62 24.6
48 29 12.36 24.6
13 32 9.04 24.6
43 27 8.69 24.6
42 26 7.78 24.6
45 26 9.81 24.6
12 29 11.81 24.6
13 24 11.81 24.6
47 24 8.14 24.6
48 24 8.19 24.6
1 25 7.08 24.6
14 25 6.69 24.6
29 25 14.7 24.6
7 44 9.92 24.6
22 41 12.29 24.6
26 41 8.26 24.6
27 41 8.12 24.6
5 45 8.95 24.6
37 45 7.33 24.6
10 46 8.63 24.6
5 38 11.34 24.6
24 36 11.76 24.6
45 40 5.68 24.6
7 41 13.21 24.6
2 48 8.59 24.6
10 48 7.28 24.6
29 48 12.95 25.2
12 50 4.87 25.2
22 40 18.04 25.2
7 39 16.98 25.2
30 36 11.48 25.2
1 37 12.23 25.2
7 36 7.8 25.2
3 37 10.95 25.2
5 37 12.95 25.2
24 46 10.12 25.2
24 45 9.19 25.2
6 45 9.23 25.2
4 45 9.4 25.2
14 45 6.83 25.2
29 41 10.24 25.2
30 41 10.4 25.2
1 42 8.05 25.2
5 42 8.77 25.2
20 25 12.42 25.2
7 24 12.42 25.2
23 28 10.9 25.2
9 28 6.61 25.2
22 31 21.41 25.2
50 29 8.54 25.2
22 30 21.48 25.2
25 34 12.49 25.2
3 34 8.5 25.2
1 33 10.27 25.2
6 17 5.24 25.2
4 17 5.41 25.2
11 16 8.31 25.2
22 16 7.33 25.2
2 16 4.19 25.2
46 12 7.18 25.2
42 12 6.58 25.2
35 12 7.06 25.2
38 12 7.53 25.2
11 13 4.04 25.2
29 13 13.13 25.2
42 13 7.92 25.2
24 14 7.49 25.2
34 14 8.18 25.2
42 4 7.64 25.2
38 4 9.92 25.2
50 4 7.29 25.2
35 6 9.85 25.2
25 3 7.46 25.2
28 3 7.47 25.2
15 3 3.48 25.2
28 2 8.06 25.2
49 1 9.7 25.2
35 7 9.99 25.2
45 6 7.24 25.2
21 7 5.34 25.2
17 8 6.18 25.2
18 9 5.43 25.2
42 11 6.92 25.2
44 11 7.35 25.2
50 11 6.58 25.2
38 10 11.92 25.8
50 10 8.79 25.8
23 10 5.93 25.8
27 10 12.59 25.8
33 10 13.13 25.8
34 10 13.03 25.8
38 8 11.65 25.8
33 8 12.87 25.8
34 8 12.76 25.8
50 8 8.53 25.8
40 7 12.78 25.8
1 8 4.73 25.8
36 2 5.04 25.8
28 5 7.86 25.8
44 4 8.06 25.8
48 13 7.96 25.8
28 13 8.55 25.8
25 13 8.88 25.8
32 12 8.24 25.8
43 15 9.62 25.8
22 15 6.58 25.8
43 23 9.46 25.8
23 22 5.63 25.8
17 20 3.76 25.8
47 19 9.93 25.8
25 18 8.82 25.8
22 18 6.6 25.8
5 33 10.99 25.8
41 34 7.86 25.8
27 29 15.42 25.8
3 32 10.28 25.8
1 32 11.57 25.8
24 27 9.96 25.8
26 28 13.99 25.8
29 28 23.85 25.8
13 29 13.95 25.8
31 24 14.17 25.8
6 42 9.04 25.8
4 42 9.21 25.8
33 41 7.62 25.8
35 43 7.83 25.8
9 43 8.44 25.8
6 43 8.79 25.8
24 43 9.22 25.8
4 43 8.96 25.8
25 45 10.06 25.8
12 44 4.98 25.8
25 46 10.99 25.8
6 38 11.62 25.8
4 38 11.79 25.8
12 38 6.99 25.8
25 36 12.63 25.8
11 39 9.14 25.8
21 40 13.94 25.8
28 40 11.39 25.8
5 50 8.23 25.8
37 50 7.92 25.8
35 48 9.66 25.8
28 47 9.86 26.4
33 50 6.69 26.4
34 50 6.58 26.4
26 40 8.22 26.4
27 40 8.08 26.4
22 39 17.18 26.4
2 37 11.95 26.4
2 38 10.35 26.4
4 37 13.39 26.4
3 43 7.59 26.4
32 41 7.57 26.4
9 42 8.69 26.4
38 28 14.98 26.4
20 28 10.13 26.4
13 28 12.64 26.4
45 27 9.61 26.4
5 32 12.29 26.4
27 32 16.1 26.4
10 31 13.5 26.4
10 30 13.57 26.4
41 30 8.22 26.4
4 33 11.43 26.4
8 33 11.63 26.4
6 34 10.02 26.4
24 19 7.65 26.4
21 20 5.6 26.4
42 20 12.28 26.4
1 23 4.69 26.4
14 21 5.26 26.4
11 22 7.26 26.4
10 18 4.9 26.4
41 13 8.43 26.4
25 14 8.82 26.4
44 14 8.75 26.4
49 5 9.96 26.4
39 6 12.72 26.4
15 2 3.68 26.4
20 1 3.8 26.4
23 1 3.7 26.4
28 1 7.91 26.4
46 8 12.73 26.4
46 10 12.99 26.4
48 11 6.95 26.4
9 12 5.78 27
21 12 8.3 27
33 11 8.78 27
34 11 8.67 27
17 9 5.84 27
50 7 8.59 27
48 7 8.97 27
38 7 11.22 27
39 7 13.37 27
42 7 8.94 27
48 6 8.83 27
36 1 5.33 27
24 2 7.83 27
34 2 8.3 27
13 3 3.11 27
44 2 8.87 27
15 14 3.35 27
22 13 9.42 27
48 12 6.62 27
19 22 5.1 27
21 23 5.4 27
22 23 5.15 27
24 35 13.28 27
26 30 15.6 27
4 32 12.73 27
25 27 10.83 27
28 27 13.51 27
14 28 9.37 27
47 28 9.97 27
36 29 10.49 27
34 24 12.95 27
43 24 8.74 27
23 25 13.19 27
8 42 8.81 27
37 41 9.4 27
5 47 9.41 27
7 46 10.59 27
19 44 9.91 27
21 44 13.51 27
12 37 8.6 27
24 38 12.03 27
1 36 5.73 27
26 39 11.31 27
45 39 6.86 27
43 38 5.87 27
13 40 10.08 27
7 40 13.17 27
35 50 7.54 27
6 50 8.51 27
8 50 8.27 27
8 47 9.45 27
26 47 7.17 27
22 47 10.72 27
1 48 8.16 27
5 48 8.88 27
32 48 9.73 27
26 49 11.83 27
4 48 9.32 27.6
9 47 9.33 27.6
1 50 7.52 27.6
48 36 10.71 27.6
42 36 10.67 27.6
26 38 11.4 27.6
27 38 11.26 27.6
6 47 9.69 27.6
4 47 9.85 27.6
1 47 8.7 27.6
22 42 10.68 27.6
28 42 9.82 27.6
11 43 5.21 27.6
21 43 10.96 27.6
14 44 8.08 27.6
33 24 13.05 27.6
42 23 12.08 27.6
22 29 21.69 27.6
48 28 10.02 27.6
2 32 11.29 27.6
6 32 12.56 27.6
26 31 15.53 27.6
1 31 13.45 27.6
3 31 12.17 27.6
5 31 14.17 27.6
3 30 12.23 27.6
5 30 14.24 27.6
1 30 13.52 27.6
14 34 7.54 27.6
26 33 11.56 27.6
21 33 15.69 27.6
1 22 4.72 27.6
25 21 9.13 27.6
25 19 8.98 27.6
18 13 4.2 27.6
19 13 3.81 27.6
36 3 5.6 27.6
41 1 10.07 27.6
18 1 2.77 27.6
38 6 11.08 27.6
45 5 8.52 27.6
46 4 9.35 27.6
33 4 9.49 27.6
42 6 8.8 27.6
50 6 8.45 27.6
27 9 11.91 27.6
26 8 12.2 27.6
38 9 11.74 27.6
50 9 8.61 27.6
13 10 6.93 27.6
46 9 12.81 28.2
36 10 8.07 28.2
36 11 6.87 28.2
8 12 5.05 28.2
46 11 8.64 28.2
31 8 12.67 28.2
20 8 6.13 28.2
33 9 12.95 28.2
34 9 12.85 28.2
44 6 9.23 28.2
49 6 8.67 28.2
44 7 9.37 28.2
34 4 9.38 28.2
36 4 6.6 28.2
41 4 7.87 28.2
29 4 13.27 28.2
40 5 13.62 28.2
25 2 9.15 28.2
11 2 4.07 28.2
23 3 4.31 28.2
17 13 3.83 28.2
23 14 4.17 28.2
11 14 3.94 28.2
12 14 3.65 28.2
24 15 8.47 28.2
47 15 10.51 28.2
21 18 6.95 28.2
47 20 10.56 28.2
45 21 9.54 28.2
14 23 5.47 28.2
24 22 5.04 28.2
9 33 11.51 28.2
40 33 9.05 28.2
21 34 15.68 28.2
25 35 14.16 28.2
28 29 18.8 28.2
6 30 14.51 28.2
4 30 14.68 28.2
21 30 23.81 28.2
21 31 23.74 28.2
10 29 14.93 28.2
16 28 11.43 28.2
40 27 8.9 28.2
1 28 8.59 28.2
30 24 21.36 28.2
36 24 13.24 28.2
30 25 16.01 28.2
27 43 8.67 28.2
36 42 10.14 28.2
3 47 8.48 28.2
21 46 14.18 28.2
21 45 13.25 28.2
8 45 9.19 28.2
25 38 12.9 28.2
9 36 8 28.2
15 36 7.78 28.2
4 50 8.67 28.2
36 47 10.19 28.2
20 48 13.57 28.2
43 49 3.31 28.2
28 49 11.55 28.8
30 48 14.26 28.8
11 48 7.07 28.8
32 50 7.61 28.8
7 38 12.5 28.8
27 37 12.87 28.8
24 37 13.63 28.8
21 39 19.52 28.8
9 45 9.07 28.8
7 45 10.11 28.8
26 45 9.12 28.8
22 44 13.4 28.8
19 46 10.58 28.8
8 46 10.2 28.8
14 46 8.75 28.8
29 43 8.34 28.8
26 43 8.56 28.8
7 43 9.68 28.8
46 24 12.92 28.8
11 24 8.42 28.8
22 27 13 28.8
43 28 12.2 28.8
31 28 16 28.8
1 29 14.88 28.8
3 29 13.59 28.8
24 32 12.97 28.8
6 31 14.44 28.8
2 31 13.17 28.8
2 30 13.24 28.8
26 34 11.55 28.8
9 34 11.5 28.8
3 33 8.7 28.8
6 33 11.26 28.8
22 33 15.59 28.8
43 32 6.82 28.8
25 22 6.36 28.8
42 22 10.43 28.8
49 21 10.97 28.8
28 20 8.64 28.8
49 19 10.75 28.8
25 15 9.8 28.8
49 13 7.86 28.8
50 13 7.51 28.8
20 14 4.28 28.8
6 15 3.67 28.8
50 12 6.18 28.8
31 12 8.55 28.8
41 5 10.32 28.8
33 7 10.79 28.8
34 7 10.69 28.8
35 8 13.72 28.8
31 10 12.94 28.8
32 10 14.05 29.4
28 10 7.5 29.4
29 11 12.55 29.4
32 8 13.78 29.4
46 7 10.65 29.4
39 5 14.21 29.4
33 6 10.65 29.4
27 6 12.88 29.4
18 3 3.38 29.4
43 3 5.72 29.4
12 2 3.79 29.4
48 1 9.86 29.4
29 12 11.84 29.4
15 13 4.56 29.4
43 16 10.36 29.4
41 20 13.1 29.4
36 18 5.38 29.4
3 22 5.89 29.4
2 21 4.9 29.4
47 22 9.2 29.4
40 34 9.04 29.4
26 29 15.81 29.4
28 30 20.2 29.4
25 32 13.84 29.4
26 32 16.49 29.4
28 31 20.13 29.4
13 31 12.52 29.4
5 29 15.6 29.4
33 28 14.89 29.4
49 26 10.62 29.4
39 27 9.49 29.4
29 27 16.71 29.4
47 23 10.36 29.4
20 24 12.85 29.4
28 26 12.4 29.4
40 26 9.7 29.4
12 26 11.43 29.4
22 43 10.86 29.4
15 44 10.66 29.4
21 42 11.21 29.4
34 41 9.17 29.4
9 46 10.08 29.4
26 46 10.13 29.4
28 44 12.21 29.4
13 39 11.25 29.4
25 37 14.51 29.4
26 37 13.01 29.4
43 37 7.48 29.4
49 36 9.43 29.4
3 50 7.3 29.4
9 50 8.15 29.4
44 48 4.34 29.4
13 49 8.77 29.4
23 48 14.34 30
27 50 8.25 30
41 36 10.01 30
7 37 14.11 30
19 45 10.1 30
7 42 9.93 30
41 26 9.43 30
33 26 13.23 30
34 26 13.12 30
50 25 7.56 30
44 24 11.42 30
35 24 13.91 30
31 27 17.44 30
2 28 9.01 30
34 28 14.78 30
11 28 11.66 30
6 29 15.87 30
4 29 16.04 30
43 31 7.71 30
42 30 9.36 30
8 31 15.07 30
47 30 9.4 30
8 30 15.14 30
22 34 15.58 30
5 35 8.72 30
14 33 8.84 30
41 23 12.9 30
28 23 8.43 30
16 22 6.16 30
2 22 5.13 30
41 21 11.34 30
10 17 7.51 30
18 17 3.02 30
21 15 6.7 30
49 15 11.34 30
35 14 7.19 30
23 2 4.51 30
17 1 2.98 30
20 3 4.41 30
34 6 10.55 30
35 5 11.13 30
36 7 7.91 30
29 7 14.57 30
20 9 6.24 30
35 9 13.81 30.6
36 8 9.08 30.6
27 7 13.52 30.6
46 6 10.51 30.6
32 11 9.7 30.6
40 11 10.72 30.6
44 10 9.56 30.6
31 9 12.76 30.6
36 6 7.77 30.6
29 6 14.43 30.6
32 4 10.41 30.6
40 4 10.58 30.6
16 1 4.61 30.6
12 1 4.09 30.6
50 1 9.49 30.6
29 14 13.95 30.6
3 16 5.09 30.6
2 23 5.11 30.6
13 19 4.53 30.6
7 33 12.15 30.6
27 33 12.01 30.6
4 35 9.16 30.6
7 32 13.45 30.6
2 29 14.6 30.6
30 28 25.23 30.6
46 28 14.75 30.6
49 27 9.08 30.6
39 26 10.29 30.6
32 24 13.97 30.6
16 25 13.72 30.6
3 42 6.9 30.6
22 46 14.08 30.6
21 38 16.09 30.6
14 38 10.66 30.6
23 36 8.6 30.6
11 41 7.96 30.6
21 50 10.67 30.6
11 50 4.92 30.6
36 49 10.2 30.6
14 48 8.95 30.6
21 47 11.85 30.6
29 47 9.23 31.2
29 50 8.05 31.2
28 36 14.53 31.2
49 35 10.96 31.2
19 38 12.49 31.2
22 45 13.15 31.2
10 44 8.04 31.2
19 43 9.67 31.2
13 43 8.31 31.2
2 43 8.3 31.2
23 24 13.62 31.2
9 30 15.02 31.2
27 34 12 31.2
28 34 14.38 31.2
39 33 10.81 31.2
48 20 11.59 31.2
35 20 12.98 31.2
40 20 14.2 31.2
3 20 4.92 31.2
35 21 12.15 31.2
12 22 7.83 31.2
45 17 11.3 31.2
22 17 9.61 31.2
49 14 8.68 31.2
26 13 12.62 31.2
30 13 15.81 31.2
44 1 10.26 31.2
20 2 4.61 31.2
17 3 3.59 31.2
45 3 4.94 31.2
29 2 14.07 31.2
38 5 12.37 31.2
48 5 10.12 31.2
32 9 13.87 31.2
29 10 16.7 31.2
39 11 11.31 31.2
22 12 8.2 31.2
44 8 9.29 31.2
29 8 16.44 31.2
26 9 12.3 31.2
36 9 8.74 31.8
32 7 11.71 31.8
50 5 9.74 31.8
42 5 10.09 31.8
44 5 10.51 31.8
32 6 11.57 31.8
31 4 11.41 31.8
49 2 8.79 31.8
41 12 6.66 31.8
45 14 5.92 31.8
41 14 9.25 31.8
8 17 5.94 31.8
38 21 13.38 31.8
44 21 11.53 31.8
41 22 11.26 31.8
28 22 5.51 31.8
40 23 13.99 31.8
11 20 7.62 31.8
41 19 11.12 31.8
36 19 6.57 31.8
49 20 11.39 31.8
43 18 9.19 31.8
1 35 7.87 31.8
8 35 9.15 31.8
7 30 15.4 31.8
7 31 15.33 31.8
10 27 12.77 31.8
44 28 13.25 31.8
8 29 16.5 31.8
35 41 10.13 31.8
27 45 9.57 31.8
28 45 11.95 31.8
3 45 5.6 31.8
15 46 11.33 31.8
28 46 12.88 31.8
7 47 10.57 31.8
14 37 12.27 31.8
19 37 14.1 31.8
17 36 5.52 31.8
18 36 5.82 31.8
25 49 9.66 31.8
21 36 12.61 32.4
21 37 17.7 32.4
22 38 15.99 32.4
36 40 11.51 32.4
27 46 10.58 32.4
23 44 11.48 32.4
19 42 9.92 32.4
32 28 15.81 32.4
35 28 15.74 32.4
21 27 15.33 32.4
12 27 11.23 32.4
48 23 11.38 32.4
45 23 9.75 32.4
10 26 11.69 32.4
21 32 17.03 32.4
19 32 13.43 32.4
39 34 10.8 32.4
4 34 10.13 32.4
5 34 9.69 32.4
39 20 14.79 32.4
50 21 10.76 32.4
48 21 11.13 32.4
47 16 11.25 32.4
25 16 10.53 32.4
16 14 5.08 32.4
40 12 7.92 32.4
41 2 9.37 32.4
19 4 4.53 32.4
39 4 11.17 32.4
22 9 3.49 32.4
31 11 10.69 32.4
44 9 9.38 32.4
35 2 7.77 33
16 3 5.22 33
27 1 14.41 33
29 1 15.46 33
23 13 5.39 33
13 15 5.35 33
1 17 4.61 33
42 21 11.1 33
40 21 14.83 33
39 23 14.58 33
40 22 12.35 33
48 22 9.74 33
45 22 10.74 33
2 33 9.41 33
43 30 9.21 33
14 30 13.56 33
35 26 14.08 33
32 26 14.15 33
34 27 12.92 33
15 45 10.85 33
34 39 10.17 33
28 38 14.8 33
20 36 8.71 33
50 36 9.08 33
41 35 11.53 33
13 50 8.02 33
45 49 4.63 33.6
19 48 10.03 33.6
22 36 12.51 33.6
15 38 13.24 33.6
15 43 10.42 33.6
38 27 12.01 33.6
46 27 12.88 33.6
50 26 10.41 33.6
9 29 16.38 33.6
7 29 16.76 33.6
38 26 13.42 33.6
48 32 7.49 33.6
28 35 16.05 33.6
49 22 10.02 33.6
43 22 8.3 33.6
13 22 7.92 33.6
33 21 12.96 33.6
48 19 10.91 33.6
28 18 8.56 33.6
14 17 4.62 33.6
21 16 7.4 33.6
26 6 13.27 33.6
27 5 16.6 33.6
26 10 11.43 33.6
31 7 12.71 33.6
33 5 11.94 34.2
34 5 11.83 34.2
15 4 5.28 34.2
16 2 5.42 34.2
41 15 11.71 34.2
36 15 7.39 34.2
49 16 12.08 34.2
13 17 4.76 34.2
20 13 5.49 34.2
28 12 8.99 34.2
41 18 13.23 34.2
49 18 10.91 34.2
50 19 10.54 34.2
44 19 11.31 34.2
34 21 12.85 34.2
27 21 15.7 34.2
18 22 5.75 34.2
39 21 15.42 34.2
26 35 13.26 34.2
8 34 10.11 34.2
19 30 15.38 34.2
22 32 16.93 34.2
14 32 10.08 34.2
14 31 13.49 34.2
19 31 15.32 34.2
3 26 12.29 34.2
30 27 18.09 34.2
28 43 11.99 34.2
15 42 10.67 34.2
2 42 7.61 34.2
18 44 10.55 34.2
2 47 9.19 34.2
3 46 6.6 34.2
22 37 17.59 34.2
50 35 10.61 34.2
36 39 12.68 34.2
14 40 11.04 34.2
16 48 14.87 34.2
13 47 9.2 34.2
19 47 10.56 34.2
2 50 8.01 34.2
7 50 9.39 34.2
19 50 9.38 34.8
24 50 8.16 34.8
36 48 11.77 34.8
13 41 10.07 34.8
19 36 6.48 34.8
26 36 14.2 34.8
28 37 16.4 34.8
15 37 14.85 34.8
10 38 10.63 34.8
23 46 12.15 34.8
14 43 8.66 34.8
8 44 9.61 34.8
41 27 7.81 34.8
21 29 21.35 34.8
22 26 14.04 34.8
48 30 9.94 34.8
46 21 12.82 34.8
28 21 7.99 34.8
27 22 13.21 34.8
39 22 12.94 34.8
42 19 10.88 34.8
28 19 8.73 34.8
27 13 13.07 34.8
50 14 8.33 34.8
33 14 8.98 34.8
11 17 9.14 34.8
35 1 8.07 34.8
41 3 9.94 34.8
50 2 8.44 34.8
47 3 6.57 34.8
29 5 15.72 34.8
36 5 9.05 34.8
46 5 11.8 34.8
31 6 12.57 34.8
16 9 7.54 34.8
16 8 7.43 34.8
26 11 9.41 34.8
30 11 15.23 35.4
19 12 4.25 35.4
35 10 10.81 35.4
49 3 7.44 35.4
30 4 15.94 35.4
26 4 10.13 35.4
42 1 9.83 35.4
33 17 10.8 35.4
34 17 10.71 35.4
46 13 8.52 35.4
26 12 10.35 35.4
42 18 12.41 35.4
27 20 15.14 35.4
35 23 12.37 35.4
29 21 16.73 35.4
36 21 10.07 35.4
28 32 15.74 35.4
7 35 9.88 35.4
19 24 7.89 35.4
19 29 16.74 35.4
14 29 14.92 35.4
18 28 9.72 35.4
35 27 13.87 35.4
32 27 13.94 35.4
20 46 12.26 35.4
15 48 10.78 35.4
25 50 9.03 35.4
15 50 10.13 36
2 45 6.3 36
9 44 9.49 36
30 43 11.01 36
29 42 9.16 36
10 40 9.16 36
35 39 11.13 36
11 26 11.49 36
29 26 17.76 36
9 35 10.09 36
4 31 14.61 36
17 22 6.17 36
27 23 14.93 36
33 20 14.77 36
44 20 11.95 36
40 19 14.49 36
40 18 14.32 36
30 12 14.51 36
39 12 9.68 36
2 17 5.03 36
40 3 11.03 36
27 4 10.58 36.6
32 5 12.86 36.6
30 10 20.73 36.6
27 11 9.86 36.6
30 8 20.47 36.6
44 17 13.99 36.6
44 15 11.9 36.6
48 15 11.5 36.6
28 15 9.54 36.6
40 13 12.45 36.6
37 13 11.08 36.6
5 20 3.07 36.6
37 20 16.29 36.6
38 23 13.6 36.6
44 23 11.75 36.6
14 22 5.49 36.6
37 21 17.84 36.6
15 30 16.13 36.6
15 31 16.06 36.6
15 35 9.86 36.6
27 35 13.71 36.6
1 34 8.84 36.6
10 32 11.57 36.6
50 24 11 36.6
50 27 10.2 36.6
2 27 13.97 36.6
12 39 8.5 36.6
23 38 14.07 36.6
20 38 14.17 36.6
10 37 12.23 36.6
40 36 10.95 36.6
16 44 12.39 36.6
23 45 11.68 36.6
18 46 11.22 36.6
14 50 8.37 36.6
30 50 10.72 36.6
15 47 11.31 36.6
10 49 8.06 36.6
14 49 9.73 36.6
12 49 6.23 37.2
26 50 8.23 37.2
36 43 9.74 37.2
23 43 11.24 37.2
14 42 8.06 37.2
23 42 11.49 37.2
23 37 15.67 37.2
6 37 13.22 37.2
12 40 7.32 37.2
11 27 11.28 37.2
12 24 8.32 37.2
31 26 18.48 37.2
13 20 5.92 37.2
39 19 15.08 37.2
27 19 17.4 37.2
29 19 16.51 37.2
39 18 14.91 37.2
30 14 16.63 37.2
42 15 11.47 37.2
37 15 16.53 37.2
13 16 6.09 37.2
33 16 11.41 37.2
38 17 12.3 37.2
24 12 8.11 37.2
26 5 17 37.2
35 3 7.95 37.2
33 3 8.36 37.2
39 3 11.62 37.8
42 3 7.62 37.8
44 3 7.25 37.8
33 2 9.57 37.8
48 3 7.67 37.8
25 12 8.98 37.8
15 12 5 37.8
30 7 17.25 37.8
26 7 11.43 37.8
41 16 12.45 37.8
32 14 9.9 37.8
43 14 6.69 37.8
16 13 6.3 37.8
35 18 8.12 37.8
32 21 13.88 37.8
26 21 16.09 37.8
33 23 13.17 37.8
38 22 12.93 37.8
21 26 16.37 37.8
2 26 13 37.8
50 23 10.97 37.8
15 24 8.64 37.8
15 29 17.49 37.8
28 33 14.39 37.8
22 35 13.95 37.8
9 31 14.95 37.8
10 39 10.33 37.8
20 39 22.03 37.8
18 38 13.14 37.8
27 36 14.65 37.8
18 43 10.31 37.8
20 45 11.78 37.8
18 45 9.2 37.8
22 50 10.57 37.8
34 49 7.94 37.8
14 47 9.55 37.8
30 47 11.9 38.4
36 50 9.45 38.4
20 43 11.35 38.4
20 42 11.6 38.4
13 42 9.13 38.4
8 38 12.19 38.4
20 37 15.78 38.4
50 22 9.81 38.4
34 23 13.07 38.4
31 21 14.87 38.4
27 12 10.8 38.4
34 16 11.31 38.4
30 9 20.56 38.4
18 4 5.17 38.4
23 4 6.1 38.4
43 2 6.83 38.4
30 2 16.75 38.4
45 2 6.05 38.4
34 3 8.26 38.4
46 3 8.23 39
20 4 6.21 39
40 15 15.3 39
36 17 6.43 39
32 17 11.72 39
43 17 11.19 39
39 13 13.04 39
37 14 12.02 39
46 20 13.24 39
33 22 14.16 39
26 22 13.61 39
48 18 11.07 39
29 20 17.15 39
26 20 15.53 39
40 35 12.48 39
14 39 12.22 39
34 40 8.99 39
36 41 11.5 39
50 28 12.83 39
14 27 14.43 39
3 27 12.09 39
6 27 15.25 39
37 25 13.49 39
19 25 8.3 39
23 47 12.13 39
8 49 9.63 39.6
23 50 10.95 39.6
28 50 10.92 39.6
46 23 13.03 39.6
4 27 15.63 39.6
5 27 15.63 39.6
44 26 11.18 39.6
18 42 10.56 39.6
16 46 13.06 39.6
1 39 11.15 39.6
1 40 9.97 39.6
32 20 15.69 39.6
36 20 7.95 39.6
50 18 10.7 39.6
26 19 17.8 39.6
46 22 14.02 39.6
18 23 4.64 39.6
44 16 12.64 39.6
21 17 9.74 39.6
39 15 15.89 39.6
17 4 5.38 39.6
29 9 16.52 39.6
32 3 9.28 40.2
45 1 6.36 40.2
30 1 18.14 40.2
29 15 17.1 40.2
36 16 7.03 40.2
32 16 12.33 40.2
28 16 10.28 40.2
48 16 12.24 40.2
50 16 11.86 40.2
46 17 14.58 40.2
31 14 10.9 40.2
26 23 15.33 40.2
29 23 16.95 40.2
34 22 14.05 40.2
27 18 15.07 40.2
35 19 9.3 40.2
35 40 9.95 40.2
8 40 10.72 40.2
5 40 10.68 40.2
16 36 8.61 40.2
39 36 12.71 40.2
8 37 13.8 40.2
9 38 12.07 40.2
17 43 10.52 40.2
12 28 12.51 40.2
30 26 19.14 40.2
23 30 16.96 40.2
20 30 17.06 40.2
18 30 16.03 40.2
43 29 10.43 40.2
20 31 16.99 40.2
23 31 16.89 40.2
8 32 13.14 40.2
17 35 7.6 40.2
15 34 10.83 40.2
16 24 14.15 40.8
46 26 13.09 40.8
20 27 17.84 40.8
33 27 13.02 40.8
17 42 10.77 40.8
30 42 11.83 40.8
17 45 8.82 40.8
16 38 14.97 40.8
4 40 11.13 40.8
12 18 5.28 40.8
31 22 13.96 40.8
32 22 15.07 40.8
32 23 14.09 40.8
49 17 13.91 40.8
31 17 12.72 40.8
3 17 5.93 40.8
38 3 8.57 40.8
37 2 12.61 40.8
50 3 7.22 40.8
9 49 9.51 40.8
4 49 10.03 40.8
5 49 9.59 40.8
1 49 8.87 40.8
20 47 12.24 40.8
18 47 11.2 40.8
18 48 10.67 41.4
35 49 8.9 41.4
18 50 10.02 41.4
16 4 7.01 41.4
32 2 10.49 41.4
27 3 12.29 41.4
26 1 11.27 41.4
42 16 12.21 41.4
41 17 14.49 41.4
40 14 11.81 41.4
35 22 15.01 41.4
33 18 9.91 41.4
12 19 5.44 41.4
31 20 16.69 41.4
16 40 17.75 41.4
9 37 13.68 41.4
39 35 14.24 41.4
16 45 12.58 41.4
16 43 12.15 41.4
17 44 10.07 41.4
36 28 12.94 41.4
20 29 18.42 41.4
23 29 18.32 41.4
18 24 8.54 41.4
17 25 11.33 41.4
1 26 13.76 41.4
23 35 10.69 41.4
9 32 13.02 41.4
20 35 10.79 42
15 33 12.12 42
36 26 16.19 42
8 26 15.28 42
15 25 9.05 42
18 29 17.39 42
44 27 10.97 42
15 27 17.96 42
20 44 11.59 42
6 40 10.96 42
8 39 11.9 42
36 22 9.06 42
30 21 19.41 42
3 15 4.36 42
11 18 5.56 42
24 17 10.04 42
31 16 13.32 42
14 16 4.55 42
35 15 10.12 42
37 1 12.9 42
29 3 12.88 42
39 2 12.51 42
40 2 11.92 42
30 5 18.39 42
23 12 5.83 42
20 12 5.93 42
6 49 9.86 42
3 49 8.66 42
17 48 10.88 42
17 47 11.41 42.6
31 3 9.59 42.6
40 1 11.36 42.6
25 17 11.37 42.6
40 16 16.04 42.6
47 17 12.09 42.6
18 12 4.9 42.6
37 12 11.19 42.6
36 23 9.04 42.6
12 23 7.99 42.6
29 18 16.67 42.6
3 40 9.75 42.6
23 27 18.61 42.6
17 34 8.57 42.6
18 34 8.87 43.2
18 35 7.9 43.2
17 24 8.75 43.2
7 26 18.45 43.2
4 39 12.3 43.2
5 39 11.86 43.2
16 39 23.32 43.2
17 46 10.74 43.2
16 42 12.4 43.2
26 18 15.46 43.2
30 19 19.19 43.2
31 23 15.09 43.2
44 22 10.58 43.2
47 14 7.54 43.2
27 15 17.81 43.2
39 16 16.63 43.2
27 16 18.56 43.2
39 1 11.95 43.2
26 3 10.94 43.2
21 49 12.03 43.2
17 50 10.23 43.8
31 2 11.48 43.8
47 2 7.68 43.8
37 10 17 43.8
37 8 16.74 43.8
9 39 11.78 43.8
14 41 11.04 43.8
14 26 13.36 43.8
23 34 11.65 43.8
20 34 11.76 43.8
19 35 8.56 44.4
16 30 17.87 44.4
6 26 16.29 44.4
4 26 16.68 44.4
10 41 9.36 44.4
30 6 17.11 44.4
50 17 13.56 44.4
39 14 12.4 44.4
12 15 6.26 44.4
29 22 17.73 44.4
16 47 13.04 44.4
16 50 11.86 45
37 18 12.95 45
33 19 11.1 45
17 12 5.11 45
19 40 11.83 45
3 39 10.93 45
17 28 10.04 45
21 35 14.05 45
17 33 9.86 45
18 33 10.16 45.6
16 29 19.23 45.6
5 26 16.67 45.6
37 24 16.93 45.6
2 40 10.46 45.6
17 38 12.66 45.6
16 12 6.74 45.6
37 11 12.65 45.6
37 4 13.36 45.6
32 18 10.83 45.6
35 17 9.16 45.6
29 17 15.38 45.6
20 50 11.06 45.6
22 49 11.93 45.6
19 49 10.74 46.2
7 49 10.75 46.2
2 49 9.36 46.2
26 16 18.96 46.2
26 15 18.21 46.2
30 15 19.78 46.2
48 14 8.64 46.2
42 14 8.6 46.2
46 14 9.2 46.2
46 2 9.34 46.2
30 3 15.56 46.2
37 9 16.82 46.2
9 40 10.6 46.2
12 41 7.53 46.2
49 23 11.19 46.2
13 27 15.47 46.2
16 27 19.14 46.2
23 33 12.95 46.2
20 33 13.05 46.2
15 32 13.37 46.2
19 34 9.53 46.8
8 27 14.24 46.8
1 27 16.3 46.8
18 25 8.95 46.8
15 40 12.58 46.8
48 2 8.78 46.8
42 2 8.73 46.8
33 15 11.91 46.8
40 17 19.98 46.8
30 20 19.83 46.8
30 23 19.63 46.8
32 19 12.01 47.4
12 16 7 47.4
37 6 14.52 47.4
37 7 14.66 47.4
19 39 13.01 47.4
2 39 11.64 47.4
20 26 18.88 47.4
37 28 18.76 48
16 35 10.69 48
7 34 10.85 48
17 32 11.11 48
8 41 10.93 48
38 2 9.68 48
33 1 9.78 48
34 1 9.67 48
26 2 11.84 48
37 17 13.11 48
39 17 20.57 48
12 20 6.82 48
31 18 11.83 48
34 18 9.82 48.6
30 18 19.35 48.6
30 22 21.76 48.6
27 17 20.85 48.6
37 16 13.72 48.6
38 14 9.55 48.6
27 14 13.07 48.6
27 2 13.19 48.6
1 41 10.17 48.6
17 30 15.55 48.6
15 26 19 48.6
37 26 17.1 48.6
23 26 19.66 49.2
19 28 9.21 49.2
18 32 11.41 49.2
19 33 10.83 49.2
9 41 10.81 49.2
5 41 10.89 49.2
46 1 9.64 49.2
26 14 11.72 49.2
48 17 13.07 49.2
31 19 13.01 49.2
37 19 14.14 49.2
15 49 11.48 49.2
50 20 11.18 49.8
28 17 13.14 49.8
32 15 12.83 49.8
6 41 11.16 49.8
9 26 15.36 49.8
37 27 16.89 50.4
16 34 11.66 50.4
23 32 14.2 50.4
6 39 12.14 50.4
30 16 20.52 50.4
24 16 9.21 50.4
34 20 14.68 50.4
2 20 4.02 50.4
32 1 10.7 50.4
31 5 13.86 50.4
38 1 9.99 51
15 39 13.76 51
23 39 22.8 51
3 41 9.96 51
4 41 11.33 51
23 40 13.41 51
20 32 14.3 51
7 27 17.41 51
17 29 16.91 51
36 27 16.91 51.6
17 31 12.59 51.6
31 15 13.83 51.6
26 17 21.24 51.6
45 19 7.71 52.2
45 18 7.54 52.2
16 33 12.96 52.2
19 27 16.92 52.2
18 39 13.65 52.2
17 37 12.11 52.2
13 26 16.52 52.8
18 31 12.89 52.8
18 27 17.42 53.4
20 40 13.51 53.4
18 40 12.48 53.4
45 15 8.52 53.4
23 49 12.31 53.4
20 49 12.42 54
17 49 11.59 54
18 49 11.38 54
30 17 19.08 54
31 1 11.01 54
35 16 9.77 54.6
17 40 12.69 54.6
2 41 10.67 54.6
17 27 17.75 54.6
16 32 14.2 55.8
19 41 12.04 55.8
42 17 13.04 55.8
37 23 17.04 56.4
37 3 12.24 56.4
45 16 9.26 57
50 15 11.13 57
15 41 12.79 57
17 39 13.86 57
16 49 13.22 57
9 27 14.32 57.6
37 22 18.03 57.6
47 18 9.17 57.6
45 20 9.09 57.6
16 37 15.2 58.2
19 26 17.96 58.8
18 26 18.47 59.4
16 31 15.68 59.4
23 41 13.61 59.4
46 18 10.83 59.4
44 18 9.85 59.4
37 5 15.81 59.4
34 19 11.02 60
46 19 10.99 60.6
17 26 18.79 60.6
34 15 11.84 61.2
46 15 11.81 61.8
18 37 12.41 61.8
20 41 13.72 61.8
18 41 12.68 61.8
38 19 11.34 63
38 18 11.17 63
38 15 12.15 64.8
16 41 14.52 64.8
17 41 12.89 64.8
29 16 17.84 65.4
46 16 12.54 65.4
16 26 20.18 67.8
38 16 12.89 68.4
38 20 12.72 72
